           matK  rpl16  trnLF  trnTL
Sample ID                           
0808A3        1      1      1      1
0901B3        2      8      6      4
0902A5        1      1      3      1
0903A2        2      2      2      6
0905A3        1      1      3      1
0906A4        2      2      3     14
1001A1        4      4      2      2
1002A6        2      4      2      4
1003A2        2      4      5      2
1004A5        1      1      1      1
1005A3        4      4      2      2
1101A11       2      2      2      2
1102A3        1      1      1      1
1103A2        1      1      1      1
1104A3        4      4      2      2
1106A4        4      2      4      8
1201A2        4      4      2      2
1202A6        1      1      1      1
1203A4        2      6      4      2
1204A5        2      8      2      2
1205A3        1      1      1      1
1301A1        2      4      3      2
1302A3        2      1      4      2
1303A4        1      1      1      1
1304A3        1      1      3      1
1305A8        4      2      4      2